

	한메 타자교사

	보고서 작성일  99/05/02
	==============================================================
	    날짜     총타     음절     정타     시간     속도   정확도
	                                        (분)  (타/분)      (%)
	--------------------------------------------------------------
	98/11/13      142       66      142      0.5      292      100
	98/11/20      353      145      351      1.5      237       99
	98/11/22      672      286      672      3.2      213      100
	98/12/19      157       59      132      1.2      113       84
	98/12/23      141       65      141      0.4      370      100
	99/01/12      596      245      550      2.2      245       92
	99/01/13      146       66      146      0.8      177      100
	99/02/10     3894     1422     3186     12.2      261       81
	99/02/12        0        0        0      0.0        0        0
	99/03/13        0        0        0      0.0        0        0
	99/03/15      141       65      141      0.5      263      100
	99/03/16      446      193      434      2.9      147       97
	99/03/21      707      314      683      4.6      147       96
	99/03/23      586      258      572      2.3      247       97
	99/03/29      644      264      610      2.7      222       94
	99/03/30      798       17       35      0.6       53        4
	99/04/07      141       66      141      0.4      340      100
	99/04/08      168       70      168      1.0      173      100
	99/04/09      154       67      153      0.6      273       99
	99/04/10      535      235      527      1.7      301       98
	99/04/19        0        0        0      0.0        0        0
	99/04/20        0        0        0      0.0        0        0
	99/04/30        0        0        0      0.0        0        0
	99/05/02        0        0        0      0.0        0        0
	==============================================================
	한메 소프트 1989-1990
